4
300
34
300
180
228
6
5
16
46
172
152
20
29
86
86
85
23
16
18
23
16
556
18
727
9
33
199
16
13
32
284
656
163
34
165
40
39
38
37
37
39
0
47
46
52
51
39
47
46
47
46
33
795
75
34
44
46
6
5
44
10
29
226
33
35
641
121
222
241
77
47
46
27
109
297
75
11
58
57
5
31
5
24
5
16
0
31
127
39
46
94
20
108
0
0
0
0
0
0
0
0
4
34
2
33
33
5
118
117
55
110
110
55
118
697
108
281
140
26
68
67
117
118
55
469
137
133
132
0
0
129
69
171
11
134
178
281
26
25
5
34
73
47
155
154
744
141
76
674
20
578
12
115
116
126
127
722
69
11
486
165
482
163
162
222
304
63
167
672
0
11
660
655
641
617
155
755
754
163
162
647
154
46
722
196
33
193
188
18
63
291
2
458
6
186
259
46
34
201
33
34
75
76
2
46
200
38
109
199
196
230
201
257
266
205
33
35
211
212
46
39
204
201
13
26
5
234
31
239
196
589
196
239
236
237
198
205
222
0
68
66
75
14
0
0
62
44
25
202
220
226
62
62
26
234
35
201
651
46
47
211
29
0
0
47
266
674
230
196
155
46
276
275
0
0
152
741
741
276
137
697
732
178
183
47
66
65
674
673
993
283
519
637
283
178
76
75
302
301
358
304
196
178
304
303
302
267
358
39
689
219
220
259
257
62
322
62
225
14
145
178
305
460
31
0
0
46
49
0
0
283
284
46
49
249
38
34
220
343
342
341
340
302
355
355
302
213
314
75
211
0
0
178
267
62
196
642
46
49
339
262
0
196
263
336
156
672
283
856
420
162
164
34
196
379
196
236
239
60
46
46
840
839
419
844
0
384
383
393
392
230
390
0
0
390
0
403
402
402
403
405
386
0
0
0
0
668
306
413
592
417
416
108
20
412
413
420
412
410
412
857
416
846
416
0
413
416
435
360
432
392
363
360
359
435
364
440
429
431
429
440
0
0
0
0
0
0
0
522
542
540
469
227
451
360
467
302
502
510
464
467
461
527
545
384
520
840
137
519
62
473
461
10
31
62
658
539
480
473
26
10
497
496
154
540
473
498
471
151
459
1
486
898
949
478
498
507
493
26
619
467
456
503
502
486
511
500
493
519
140
505
504
486
154
4
562
470
641
137
86
697
557
539
1001
463
486
492
62
492
528
538
508
506
527
1016
506
455
492
503
467
538
541
537
486
273
562
167
562
486
467
539
549
0
507
452
540
507
556
20
507
537
547
478
89
108
18
18
18
543
0
539
605
502
545
574
129
491
502
554
508
492
430
200
20
585
108
533
25
533
533
416
422
108
129
589
413
596
158
585
594
543
23
502
539
537
491
200
422
424
23
882
625
775
620
146
176
619
146
145
85
614
612
771
613
635
86
85
615
613
776
507
222
369
780
612
697
147
548
69
64
358
286
285
622
158
222
46
153
641
33
646
47
75
165
33
34
655
175
470
16
482
674
165
664
470
306
38
63
163
26
25
313
369
222
294
722
369
222
875
236
540
467
469
236
357
46
158
63
176
478
647
659
76
158
299
118
616
282
698
155
272
50
677
709
0
691
760
546
549
986
463
137
520
502
809
527
964
26
721
222
46
46
25
907
908
51
25
722
62
742
766
952
155
26
728
77
25
32
903
275
685
20
56
55
290
470
657
747
660
31
709
62
932
933
754
86
767
764
773
709
24
766
721
721
47
732
24
46
709
151
620
760
761
622
767
478
501
620
622
548
0
563
46
547
478
547
555
758
29
303
304
651
2
46
791
791
42
771
802
791
994
724
478
557
651
792
20
0
0
478
994
785
46
198
75
791
727
75
651
797
805
808
801
817
802
801
89
88
823
0
0
651
75
826
831
156
882
384
950
178
846
698
882
850
614
634
857
500
952
722
38
870
386
658
664
20
50
540
459
0
29
202
85
165
25
86
674
16
611
0
557
566
20
483
856
154
146
616
698
510
612
470
614
884
698
493
520
67
663
895
85
31
658
871
897
896
895
20
556
899
178
740
62
663
847
725
726
711
46
868
178
856
722
949
882
842
322
178
300
39
46
46
659
918
237
67
963
962
969
672
754
755
371
780
1012
62
12
0
0
890
943
763
757
787
960
470
896
911
494
35
658
201
950
761
178
992
949
547
20
154
155
493
718
369
890
959
931
930
32
541
29
31
616
982
32
305
196
305
196
668
306
668
612
775
491
752
467
491
471
46
954
767
826
996
48
0
1001
1000
0
0
63
675
498
485
4
536
525
493
507
486
1015
1007
20
0
536
493
711
1017
32
230
0
0
0